50000       0.0228100    2.3606119    0.0094280
100000      0.0362129    9.4572618    0.0194268
150000      0.0660300   21.2862651    0.0295470
200000      0.0869820   38.0105400    0.0399702
250000      0.0992630   58.6313460    0.0502100
300000      0.1350749   84.8975191    0.0616839
350000      0.1536360  114.8922839    0.0721061
400000      0.2090302  151.4629140    0.0941989
450000      0.2063742  196.4450419    0.0934029
500000      0.2299230  238.6150889    0.1039841
550000      0.2537751  284.5768468    0.1290579
600000      0.2843778  338.9178030    0.1287501
650000      0.2911639  397.4744549    0.1386759
700000      0.3030682  460.3244660    0.1531720
750000      0.3245380  530.1625791    0.1600301
800000      0.3465211  607.3053820    0.1820791
850000      0.3700681  685.1486390    0.1850390
900000      0.4119771  767.8116159    0.1929581
950000      0.4114640  943.3898959    0.2197189
1000000     0.4669311  938.9746130    0.2188361